mean_branch_dispersal_velocity	weighted_branch_dispersal_velocity	branch_dispersal_velocity_variation_among_branches	original_diffusion_coefficient	weighted_diffusion_coefficient	diffusion_coefficient_variation_among_branches
480.984546235698	252.669497280393	1.6075817775029	20869.5075179117	17217.110791246	3.10613496233517
539.54999623986	259.234097534575	1.61074169354337	23871.1837864363	17330.0691462346	3.16649768171225
579.141420307155	272.921420724114	1.77582691996231	23514.6115096732	17951.5350829162	3.15871191750145
586.43761709722	275.705575390612	1.65861512217274	24413.2271989142	18204.9855453417	2.81669264424807
627.050400174251	263.690743477606	2.14391281277012	24782.4411496069	17735.6877625811	3.48056678930944
526.786867027993	257.178494250811	1.65925006165312	23361.4594332931	17475.6757569574	3.18711903237416
586.630402159551	259.152455250521	2.05968858247679	24447.8191812749	17741.9956581349	3.46705925524585
551.405625497934	259.823157032229	1.90586300478498	27133.2856616512	17650.6097306016	3.7066657013736
562.202640667125	257.32958784871	1.77190281636693	22915.438392468	16874.1274704243	3.15614080319911
681.457117559799	274.765653825321	2.69369147340656	24724.3058420847	18969.0010598477	2.88150104761163
551.352219633579	254.756057083275	1.78044432398116	21416.093224799	16930.9383844578	3.25175489303066
659.157003394168	261.950172648061	2.39060056459391	24652.7056217561	18263.3952712184	2.93582777059597
575.769441275681	247.499682479352	1.98964795623018	21337.4063686006	16798.6460393278	2.68304393829966
555.934575588118	252.490024016489	1.98293191934266	23024.4063268797	16968.6301945043	3.34000088883007
613.705629793087	259.322303470726	2.63088719747974	23480.4169412492	17240.4495764657	3.06829757436603
811.921435780806	262.71634966016	3.54115903884853	27152.2700049086	18022.2111436108	3.0582937776203
603.943060276852	275.661097099575	2.06806075560394	26252.9501142757	18101.3623539057	3.92398587294667
585.343677563401	260.024853821697	1.77152369871101	23720.956491324	18160.4995538803	3.08881968963727
636.892638078666	274.156470668134	2.78490735396427	23322.817463284	18872.7705804943	2.73910536607216
739.478365609082	273.628632043285	3.19443741417084	24015.9072663001	18113.957872236	2.65979456328141
596.150161077763	272.76551902187	1.70304351842832	23525.7857840423	18242.0159814896	2.79940406918793
720.372053858109	265.468531596455	4.24001300762421	22371.4940228996	17928.503950728	2.68468796206117
628.054999336141	251.520222897296	2.98528855007757	21325.015817321	16208.3198770466	2.82694571733872
559.579203789928	248.902410509505	3.42444927583728	20589.2462831049	16442.5098784769	2.64835387242987
576.394429583284	256.394315840575	2.15460260702802	22815.4065578373	18225.2525983478	3.13812330565288
547.764030956647	260.317070123663	2.03848184399656	22579.9241674307	17922.942287448	3.04894749028713
540.216867137759	248.634588722928	1.72422374694743	20805.220039597	16724.9720032209	2.77047395151586
534.847153391666	250.340734709665	1.85534636537491	22478.4651215935	17297.9678228995	3.97263386731743
486.381892493568	257.515692675001	1.5753425250181	20541.3151187396	17397.8657848152	2.90243628709672
655.614043966722	272.802686657784	2.19597135398175	24480.5703375446	19130.820113266	3.31815883719268
603.636885836065	268.933535893282	1.94596870769048	22985.0956227774	18332.3221780145	2.80448811134966
531.75508120152	244.999342439307	1.77035609632465	20177.7756469926	16279.7490908916	3.08292189145872
563.350444464988	252.00195921022	2.29509159303444	22362.879915832	17063.1154642394	3.27974091044417
573.207093648798	256.336256864499	1.70481537611288	22282.6475008147	17180.7082013691	3.16603792049972
575.36882601704	260.547970774704	1.69181449545565	22454.8174295889	17838.4430150665	2.74191669636474
591.952429859236	273.537179711248	2.8873109949491	23042.4070729112	19191.401307263	2.85573886466225
516.745870574923	257.305060110375	1.86154291503857	20773.4864253321	18442.0283675156	3.1825755345906
601.159146306169	251.324200767473	2.50966817826677	22082.822456452	18011.1229104204	3.28701198699963
512.57499504721	245.620694175011	1.71756567275616	22892.4195061121	16699.1913974897	3.22065040845365
706.335317656838	246.496183071238	4.84130114793777	21113.2544664918	17741.045643269	3.84364018306267
697.399195650946	255.769642395033	5.6623753751421	24284.2508066538	17977.1972008121	3.14876596175717
625.077982603985	264.995128557941	2.38309377943071	24212.93665935	18339.7739947051	3.14968230160581
631.43530521825	265.880697253482	2.16063374449764	23752.776243303	18453.9806908338	3.13326330091833
764.894976769977	250.327411333507	5.58346498175365	21548.6272851563	17125.493354135	2.736367666594
771.497402707348	254.436727300496	6.72426828708217	20126.8634522261	16964.3164660364	2.50681853794526
646.394508895214	262.116277447083	2.26497584634719	23234.08783202	17694.1856910436	2.94620477755489
598.839148022199	260.369189372887	1.71866548745524	21884.7699110283	16834.6627403856	2.91969831474243
717.407475627214	258.583777012387	2.23530187728949	25620.9560726194	17436.2293076513	3.11738139329035
651.593668719267	275.947952559174	2.33392231209843	26899.6241913288	19419.5983774661	3.35122763286928
569.889831152544	260.665047426319	2.10792726366215	22376.3472090057	17991.2347489593	3.14883605013811
542.183444999008	264.757521050084	1.7540274432529	22437.3435586159	17813.3576420618	2.9944121732237
569.856337373271	256.492566648229	1.84267991692382	22074.2409700855	16549.6078076269	2.96017255132285
615.042371347771	270.364163226443	1.86769151254354	22637.8193142784	18396.323270678	2.90484079570845
604.047317891269	267.407575049658	2.22219103436095	22421.3882476884	18134.5001364516	3.27147172760207
671.653030610329	265.482416253641	3.00890747435168	23585.461835492	17891.3608084053	3.01120557833411
586.194748137214	262.523924043237	2.06017232413321	22704.3468568339	17848.9216970292	2.90925047318305
624.307749919031	273.643810472738	2.02318804299524	24191.6825381854	18978.2607787854	3.24184672032154
536.151834712454	267.569158014473	1.66578922346585	24362.1653222754	18194.0350951652	3.10555752532857
524.173020495743	264.486948946576	1.78628851277194	23619.6345009302	18210.1437317968	3.5183767727628
476.286037517374	240.323049903765	2.01790257739975	19586.1154272534	15678.5555750352	3.20116177220408
655.554383050471	269.83079145426	2.41778818119141	22679.6678985678	18000.0586581013	2.58513219040009
513.612946449058	259.005567215882	1.64162316447247	20347.9783455076	17161.8779785842	2.45758871002185
589.685368368367	261.030649275635	2.11034343821658	23429.6572450215	17484.8478071155	3.23070716042857
596.29887127931	270.341418082905	2.01006840223459	23382.6086875943	18366.1722948134	3.01178640976608
588.824608820874	258.800860458366	2.9637698317942	20745.2328480286	17314.3927181501	2.63550309759603
519.081189256865	264.515469781901	1.69637577996795	20388.5744361886	18442.2308566856	2.54872883018737
597.216132540918	256.140066277262	2.92009414402214	20717.7461029443	17864.2662400385	2.96584894105442
533.628204534201	258.138003707653	1.80675339305553	19880.8945157134	16913.1982702828	2.47316325029146
565.033659873735	259.349186023859	1.90233550613006	21382.4935058945	17474.6496133872	2.72614432769199
568.166910666781	258.613464740114	2.1611433047221	21896.9898619567	17565.9561863705	2.7160870863762
637.464122377389	265.14343766955	2.73148410992958	22097.9421396364	17100.4972955123	2.4966033766879
748.261308917668	265.373552229073	3.9921558411526	21479.4833442196	16911.6532335533	2.6105228380902
600.185018113731	266.802244299165	1.92951780506212	21736.0349029843	17306.9734812029	2.57288097707987
508.069344993556	257.279227619325	1.77217199035837	20741.6542639448	16704.6984133651	2.72151700774542
603.1261610597	280.124374853269	1.83751280492611	24732.5454280074	18516.2851948653	2.9405813367644
906.417300765813	275.655416723042	6.03761985276408	23961.9608228307	17380.4241143435	2.59881008607784
585.77114754808	265.56394755519	1.78105459655011	21639.0960168542	17541.6860904613	2.80872032819184
557.118692771404	273.478339085114	1.61809722353579	23048.6189937305	18689.4951704328	3.18034400466557
691.404668343025	284.986224772957	2.25147233197674	27701.9354668211	20233.3821772321	3.26083932403538
539.071305275996	262.76984442384	1.58981080901351	22044.7195615794	17458.6814647803	2.99595582661863
727.613211357886	262.990742618253	4.0562599613007	22948.2645107716	17483.577942051	2.79278551742306
575.666308859278	268.389875798387	1.83036466678254	24275.4810635107	18002.8611217568	3.13692823719855
655.31809963792	288.28666131088	1.8162893104368	28872.4869635929	20730.735373785	2.84851221824887
626.070815510973	260.909188321524	2.34615989116088	22035.2116874972	17682.17163379	2.6189184902701
565.049007218729	259.83664622975	2.65069340629026	21400.1750342216	17540.4820314698	2.67087971079937
671.615188799669	271.679495187855	2.35489855652581	23922.5939526862	18282.8522261624	2.90263150637441
494.363109075887	260.086256454819	1.5435340932901	21746.6530335123	17257.8702551885	3.4127887028533
510.831765843848	239.09211152777	2.32732359009213	19759.9951149851	16254.9217142868	3.30512322237068
542.03491662376	261.18127586305	2.23456176466446	21424.1045801481	17997.2100241812	3.04783565740813
604.470511381055	273.327155819419	2.09939729533585	22955.7532875041	18596.1983966978	2.87054961772106
534.188092539443	260.623538107336	1.77561862694571	20886.8961398214	17779.1014995928	2.71448073684727
585.242696042715	274.539884291919	1.95911959825424	23518.5956792143	19163.6507265404	3.2638091613358
523.218049097914	261.483903577476	1.52379809376434	20723.1304036598	16776.0463011148	2.80379707010916
595.652406670396	260.249980868865	2.21569848096879	21687.8518927494	16957.0626432135	2.85165889405456
654.328357768305	271.544114877374	2.42862133647408	22002.7823651748	18260.8488593144	2.84689340132936
520.522666724635	260.618609819854	1.7275698090798	20239.657618048	17490.6256899941	2.78232378589672
549.028908267688	258.246962828339	1.89064211095466	21936.245854018	17032.2507883941	3.21840182673973
671.550430049683	260.338464096411	4.12758496405139	22491.4267860493	16824.1432000376	3.09276355041253
612.649374344002	268.485532359132	2.75858772988654	24020.1894138239	18482.1487251967	2.92164197034374
533.113932501816	255.236413631673	2.0662075429677	20048.6727400441	16105.4837988732	3.02554937433244
